
NBLOCK 20

TIME = 0 d

WATER SATURATIONS

0.6 0.6 0.6 0.6 0.6 0.6 0.6 0.6 0.6 0.6 
0.1 0.1 0.1 0.1 0.1 0.1 0.1 0.1 0.1 0.1 

OIL SATURATIONS

0.4 0.4 0.4 0.4 0.4 0.4 0.4 0.4 0.4 0.4 
0.9 0.9 0.9 0.9 0.9 0.9 0.9 0.9 0.9 0.9 

GAS SATURATIONS

0 0 0 0 0 0 0 0 0 0 
0 0 0 0 0 0 0 0 0 0 

TIME = 10 d

WATER SATURATIONS

0.575667 0.530218 0.52294 0.549337 0.57371 0.584408 0.590931 0.594947 0.597311 0.598689 
0.516816 0.418119 0.324036 0.187701 0.104358 0.100161 0.100024 0.100003 0.1 0.1 

OIL SATURATIONS

0.424333 0.469782 0.47706 0.450663 0.42629 0.415592 0.409069 0.405053 0.402689 0.401311 
0.483184 0.581881 0.675964 0.812299 0.895642 0.899839 0.899976 0.899997 0.9 0.9 

GAS SATURATIONS

0 0 0 0 0 0 0 0 0 0 
0 0 0 0 0 0 0 0 0 0 

TIME = 20 d

WATER SATURATIONS

0.616775 0.56259 0.530154 0.511548 0.507359 0.524536 0.557622 0.573314 0.581765 0.588522 
0.589794 0.513814 0.457824 0.40772 0.350289 0.259367 0.13412 0.100754 0.100088 0.100015 

OIL SATURATIONS

0.383225 0.43741 0.469846 0.488452 0.492641 0.475464 0.442378 0.426686 0.418235 0.411478 
0.410206 0.486186 0.542176 0.59228 0.649711 0.740633 0.86588 0.899246 0.899912 0.899985 

GAS SATURATIONS

0 0 0 0 0 0 0 0 0 0 
0 0 0 0 0 0 0 0 0 0 

TIME = 30 d

WATER SATURATIONS

0.643543 0.591271 0.556206 0.5307 0.512136 0.49982 0.495459 0.505318 0.536552 0.563576 
0.627372 0.56259 0.514811 0.475828 0.441174 0.406347 0.364745 0.301055 0.185689 0.105427 

OIL SATURATIONS

0.356457 0.408729 0.443794 0.4693 0.487864 0.50018 0.504541 0.494682 0.463448 0.436424 
0.372628 0.43741 0.485189 0.524172 0.558826 0.593653 0.635255 0.698945 0.814311 0.894573 

GAS SATURATIONS

0 0 0 0 0 0 0 0 0 0 
0 0 0 0 0 0 0 0 0 0 

TIME = 40 d

WATER SATURATIONS

0.662249 0.613092 0.578742 0.552256 0.531179 0.51433 0.501056 0.491314 0.486656 0.493757 
0.65117 0.593928 0.551303 0.516346 0.486472 0.45981 0.43433 0.407501 0.375303 0.328672 

OIL SATURATIONS

0.337751 0.386908 0.421258 0.447744 0.468821 0.48567 0.498944 0.508686 0.513344 0.506243 
0.34883 0.406072 0.448697 0.483654 0.513528 0.54019 0.56567 0.592499 0.624697 0.671328 

GAS SATURATIONS

0 0 0 0 0 0 0 0 0 0 
0 0 0 0 0 0 0 0 0 0 

TIME = 50 d

WATER SATURATIONS

0.676204 0.629978 0.597057 0.571035 0.549558 0.531569 0.516478 0.503892 0.493759 0.487616 
0.667972 0.61607 0.577397 0.545405 0.517831 0.493614 0.471856 0.451507 0.43132 0.409768 

OIL SATURATIONS

0.323796 0.370022 0.402943 0.428965 0.450442 0.468431 0.483522 0.496108 0.506241 0.512384 
0.332028 0.38393 0.422603 0.454595 0.482169 0.506386 0.528144 0.548493 0.56868 0.590232 

GAS SATURATIONS

0 0 0 0 0 0 0 0 0 0 
0 0 0 0 0 0 0 0 0 0 

